0 0 3 50
1 3 0 50
2 0 11 100
3 11 0 100
4 1 4 45
5 4 1 45
6 0 15 135
7 15 0 135
8 0 8 95
9 8 0 95
10 11 21 170
11 21 11 170
12 2 5 70
13 5 2 70
14 11 17 150
15 17 11 150
16 0 16 180
17 16 0 180
18 11 12 40
19 12 11 40
20 0 7 60
21 7 0 60
22 3 15 120
23 15 3 120
24 15 16 55
25 16 15 55
26 16 17 65
27 17 16 65
28 21 22 120
29 22 21 120
30 11 13 105
31 13 11 105
32 0 9 75
33 9 0 75
34 1 11 100
35 11 1 100
36 4 11 100
37 11 4 100
38 11 22 140
39 22 11 140
40 0 24 240
41 24 0 240
42 5 15 95
43 15 5 95
44 7 8 50
45 8 7 50
46 0 2 30
47 2 0 30
48 3 5 60
49 5 3 60
50 17 22 110
51 22 17 110